1 2.474002 0.484757  0.0 0.01 -0.080002 15.445933
2 1.808509 0.424824 90.0 1.00 -0.077342 15.494395
3 1.126333 0.243030 240.0 1.00 0.010797 15.311676
4 1.198233 0.446256 90.0 0.00 0.037268 12.749528
5 4.449792 0.367673  0.0 1.00 0.212962 16.718410
6 0.616362 0.346866 240.0 0.01 0.311838 12.467113
7 2.349963 0.318204 240.0 0.00 -0.014214 11.864970
8 1.920628 0.308423 90.0 0.01 -0.109709 11.830323
9 0.460226 0.388569  0.0 0.01 -0.039939 12.277189
10 0.151613 0.338857  0.0 1.00 -0.033386 10.782434
11 0.026116 0.319788 240.0 0.00 -0.033353 9.108044
12 0.560649 0.272968 240.0 0.01 0.007423 12.547054
13 0.003155 0.329233 90.0 1.00 -0.005163 12.246084
14 0.591418 0.303315 90.0 0.01 -0.042015 9.847329
15 0.662699 0.329462 90.0 0.00 -0.024076 9.789735
16 1.106598 0.261677 240.0 1.00 -0.006591 14.028436
17 0.843966 0.451122 90.0 0.00 -0.064982 9.363619
18 0.709670 0.381233 240.0 0.00 0.015144 12.172983
19 2.644553 0.237508 240.0 1.00 -0.034229 12.288681
20 0.119077 0.562661  0.0 0.01 -0.101477 10.513106
21 2.739021 0.362900  0.0 1.00 0.104386 11.206501
22 0.829689 0.263213 90.0 1.00 0.249846 10.665310
23 0.190399 0.304270 240.0 0.01 0.104808 9.885773
24 0.930048 0.285466 90.0 0.01 0.170693 7.421449
25 0.488616 0.256633 240.0 1.00 0.057770 7.685936
26 0.200110 0.316746 240.0 0.00 0.058581 7.749810
27 0.120773 0.334973  0.0 1.00 -0.011294 9.917597
28 0.071376 0.305048 90.0 1.00 -0.053888 11.443033
29 1.656610 0.250272 240.0 0.01 -0.041593 8.824215
30 1.352541 0.324562 90.0 0.01 -0.048535 7.576244
31 0.107735 0.436670 90.0 0.00 -0.071308 11.717280
32 0.521951 0.426798  0.0 0.01 0.058192 10.202636
33 0.685496 0.387981 90.0 0.00 0.197163 11.166401
34 0.489701 0.277221 240.0 1.00 0.083884 14.558336
35 0.199156 0.242304 90.0 1.00 -0.049411 8.361674
36 0.631320 0.337501 240.0 0.00 -0.038803 8.077175
37 1.599116 0.308701 240.0 0.01 -0.034262 7.067290
38 0.789893 0.232916  0.0 0.01 -0.026314 6.830558
39 0.848840 0.231062  0.0 1.00 -0.026152 6.015567
40 0.034537 0.358225 90.0 0.01 -0.059662 8.330312
41 0.477947 0.319422 240.0 0.00 -0.091388 8.551340
42 0.363283 0.390598  0.0 0.01 -0.085419 6.704935
43 0.328275 0.263714 90.0 1.00 -0.059305 6.387202
44 1.058733 0.301910 240.0 0.01 0.010894 7.110429
45 0.659731 0.351085 90.0 0.00 0.003758 4.620270
46 0.585738 0.255278 240.0 1.00 -0.038025 8.577969
47 1.854730 0.305515 90.0 0.01 -0.051455 5.314279
48 0.576154 0.295712  0.0 1.00 -0.053952 10.502549
49 0.364127 0.362838 240.0 0.01 -0.033418 8.152507
50 0.852247 0.405000 90.0 0.00 -0.019891 4.845745
51 0.178803 0.372150  0.0 0.01 -0.036532 9.546970
52 0.312812 0.298303 90.0 1.00 -0.073611 10.389762
53 1.021565 0.424547 240.0 0.00 -0.113771 7.814123
54 0.789190 0.291689  0.0 1.00 -0.055802 7.516679
55 0.950908 0.270894 240.0 1.00 -0.073027 10.120088
56 0.254177 0.325103 90.0 0.01 -0.059629 5.991447
57 0.308877 0.455224 90.0 0.00 -0.067220 4.923206
58 0.843324 0.436436  0.0 0.01 -1.570271 5.135300
59 0.365640 0.306570 90.0 0.01 -1.754138 8.035798
60 0.056344 0.310676 90.0 1.00 -0.096708 7.478028
61 0.243050 0.397830 240.0 0.00 -0.103585 5.195382
62 0.348747 0.297050 240.0 0.01 -0.100698 3.615243
63 2.213346 0.277331 240.0 1.00 -0.108029 6.995741
64 0.941786 0.338496  0.0 1.00 -0.115199 9.666926
65 0.526100 0.349736 240.0 0.00 -0.103228 5.210277
66 0.777877 0.308834 240.0 0.01 -0.115393 3.336875
67 2.988956 0.349150 90.0 0.00 -0.121103 6.416577
68 1.475398 0.232385 240.0 1.00 -0.127072 5.998501
69 0.181295 0.398574  0.0 0.01 -0.090836 5.937861
70 4.157624 0.311949  0.0 1.00 -0.117697 3.979637
71 0.146517 0.295019 90.0 1.00 -0.109035 2.725593
72 2.550162 0.351482 90.0 0.01 -0.120259 6.427275
73 0.401908 0.360712  0.0 1.00 -0.102904 6.861825
74 0.692725 0.383764 240.0 0.00 -0.114225 5.454912
75 1.523289 0.277946 240.0 0.01 -0.108581 5.466032
76 0.559288 0.262225 240.0 1.00 -0.104558 4.485218
77 2.102185 0.394525 90.0 0.00 -0.117275 7.014369
78 0.398738 0.324680 90.0 0.01 -0.116237 2.741909
79 0.511517 0.324859  0.0 0.01 -0.111176 4.249171
80 2.882829 0.285157 90.0 1.00 -0.105013 6.372645
81 2.876297 0.346479 90.0 0.00 -0.117242 3.523085
82 1.880587 0.329755 240.0 0.00 -0.109295 6.489114
83 3.931151 0.318133 90.0 1.00 -0.111306 5.159352
84 0.832006 0.426209 240.0 0.01 -0.110527 10.016196
85 0.183657 0.497566  0.0 0.01 0.062474 6.293289
86 0.482254 0.296677 90.0 0.01 0.037528 1.662600
87 0.653678 0.258889 240.0 1.00 -0.082337 9.241142
88 0.146335 0.249139  0.0 1.00 -0.104721 4.401270
89 2.325875 0.284227 240.0 0.00 -0.107705 8.499917
90 0.096453 0.273393 240.0 1.00 0.030585 12.192799
91 2.225469 0.325678 240.0 0.01 -0.095767 11.324282
92 0.659719 0.311872 90.0 0.01 -0.093594 8.777301
93 1.943820 0.246084 90.0 1.00 -0.126455 5.583814
94 0.580943 0.330382  0.0 0.01 -0.115264 5.060866
95 5.386138 0.264841  0.0 1.00 -0.628286 9.348267
96 0.265683 0.443005 90.0 0.00 -0.108257 6.616747
97 0.164039 0.318202 240.0 0.01 -0.110138 5.537171
98 0.086843 0.323350 90.0 0.01 -0.103326 3.379827
99 0.013117 0.303462  0.0 1.00 -0.092004 7.871334
100 0.682933 0.325591 90.0 1.00 -0.119513 3.990878
101 1.304082 0.524820 90.0 0.00 -1.613482 4.308378
102 2.295108 0.405139  0.0 0.01 -0.123179 10.121392
103 0.677571 0.295269 240.0 0.00 -0.117632 9.543459
104 0.535103 0.298468 240.0 1.00 -1.779052 10.135279
105 0.270645 0.260586  0.0 1.00 -0.111987 3.240758
106 2.489365 0.280873 240.0 0.01 -0.115134 7.672401
107 0.413100 0.356161 90.0 0.00 -0.122952 3.101852
108 0.659753 0.317228 240.0 0.00 -0.101963 6.247257
109 1.765811 0.239490 240.0 1.00 -0.101250 6.729832
110 0.063411 0.288685 90.0 1.00 -0.099725 2.950892
111 0.526814 0.288806 90.0 0.01 -0.109911 7.206470
112 0.819539 0.310990  0.0 0.01 -0.115166 6.096393
113 0.059836 0.354968 240.0 0.00 -0.110008 4.594182
114 0.421726 0.243285 90.0 1.00 -0.120908 6.354069
115 0.794193 0.299459 240.0 0.01 -0.107413 3.140022
116 0.174714 0.239606  0.0 1.00 -0.306557 9.535216
117 0.629940 0.389783  0.0 0.01 -0.190230 7.542254
118 0.590794 0.260951 240.0 1.00 -0.900492 9.763891
119 0.385566 0.361138 90.0 0.00 -0.081916 6.044788
120 1.001876 0.301389 90.0 0.01 -0.107186 6.102720
121 1.430077 0.254494 240.0 0.01 -2.014564 5.491894
122 0.546585 0.410734 90.0 0.00 -0.110495 9.690792
123 0.142847 0.294876 90.0 1.00 0.175202 8.062435
124 0.899491 0.236998 240.0 1.00 0.088685 8.321245
125 2.183779 0.312370 240.0 0.00 -0.083310 5.893354
126 0.812278 0.286490 90.0 0.01 -0.097551 9.175903
127 1.203358 0.403726  0.0 0.01 -0.180549 7.661193
128 0.912830 0.238901  0.0 1.00 -0.091810 4.520713
129 0.182285 0.285127 240.0 1.00 -0.116075 7.432642
130 0.907260 0.358279 90.0 0.00 -0.118345 5.012848
131 0.941158 0.295467 90.0 1.00 -0.106407 7.317500
132 1.020405 0.329649 240.0 0.00 -0.118313 5.337933
133 1.964291 0.326842 240.0 0.01 -0.101574 5.881300
134 1.346573 0.368125  0.0 0.01 -0.096286 8.486346
135 2.443975 0.268395  0.0 1.00 -0.116464 4.993928
136 0.845373 0.348700 90.0 0.01 -0.794279 9.584533
137 1.357579 0.438839 90.0 0.00 -0.106245 6.184990
138 1.212155 0.319104 240.0 0.00 0.044859 8.713800
139 0.855999 0.359300  0.0 0.01 0.065912 9.395254
140 2.126892 0.278569 90.0 0.01 0.099033 5.224563
141 0.703062 0.249796 240.0 1.00 0.176889 12.212718
142 0.347563 0.272850 240.0 0.01 0.204949 6.436276
143 1.412337 0.234081 90.0 1.00 0.050406 5.642924
144 0.241982 0.246199  0.0 1.00 -0.116918 6.057318
145 2.602480 0.265521 90.0 1.00 -0.117502 6.504375
146 0.931700 0.431767 240.0 0.00 -0.516402 6.867057
147 5.685710 0.398225 90.0 0.00 -0.750846 5.680942
148 1.511056 0.257607 240.0 1.00 -0.120778 7.295422
149 6.644954 0.328081 240.0 0.01 -0.120259 7.331271
150 1.665058 0.366439  0.0 0.01 -0.126747 9.478679
151 1.948525 0.319711  0.0 1.00 -0.101379 10.308444
152 1.316485 0.349969 90.0 0.01 -0.111728 5.185332
153 1.743586 0.317218 240.0 0.01 -0.095605 14.036769
154 1.975810 0.307482 240.0 0.00 -0.077731 8.350361
155 0.512685 0.259597 240.0 1.00 -0.120551 6.740231
156 0.104186 0.248782  0.0 1.00 -0.092945 5.926237
157 0.062535 0.299970 90.0 1.00 -0.106829 6.163692
158 1.508758 0.329079  0.0 0.01 -0.114517 10.436122
159 0.728419 0.410347 90.0 0.00 -0.098006 7.549179
160 0.978137 0.279501 90.0 0.01 -0.103455 6.974272
161 0.646683 0.279645 240.0 0.00 -0.024173 7.409611
162 1.328506 0.324921 90.0 0.00 -0.099173 7.135374
163 2.683008 0.256038 240.0 0.01 -0.120324 6.700930
164 0.829363 0.254420 90.0 0.01 -0.113706 10.620935
165 1.749545 0.264603 90.0 1.00 -0.107802 6.498547
166 3.645548 0.337951  0.0 0.01 -0.113350 7.601752
167 0.046381 0.374165  0.0 1.00 -0.161717 8.966312
168 0.842584 0.285216 240.0 1.00 -0.110041 10.058124
169 0.039200 0.404461  0.0 0.01 -0.114161 13.404599
170 0.271265 0.264620 240.0 1.00 -0.096773 6.301749
171 4.913237 0.278119 90.0 1.00 -0.117307 2.906860
172 0.385606 0.290861 240.0 0.01 -0.118086 7.015152
173 0.348210 0.308456 240.0 0.00 -0.112084 5.940008
174 0.438305 0.348568 90.0 0.00 -0.107673 6.187650
175 0.593646 0.336881 90.0 0.01 -0.134193 5.335350
176 1.522762 0.260985  0.0 1.00 -0.049898 6.817874
177 0.258296 0.318278 240.0 0.00 -0.111760 6.776041
178 1.478285 0.256416 240.0 1.00 -0.123860 9.979323
179 0.991918 0.366653  0.0 0.01 -0.119740 6.955909
180 0.115491 0.347722  0.0 1.00 -0.130867 10.356001
181 0.155045 0.309818 90.0 0.01 -0.111695 10.928081
182 0.910225 0.290106 240.0 0.01 -0.107283 3.926821
183 1.145644 0.382310 90.0 0.00 -0.104591 3.247993
184 0.496536 0.260422 90.0 1.00 -0.113317 5.437576
185 0.094096 0.320580 240.0 1.00 -0.106602 7.019594
186 0.095302 0.350717 240.0 0.00 -0.105434 4.195028
187 0.524934 0.374818  0.0 0.01 -0.107024 3.787064
188 1.100901 0.296993  0.0 1.00 -0.949249 3.391186
189 0.158921 0.312138 90.0 0.01 -0.111630 6.407397
190 0.815546 0.271457 90.0 1.00 -0.115523 6.400665
191 0.100533 0.265485 240.0 0.01 -0.109197 2.819930
192 3.405826 0.371887 90.0 0.00 -0.129732 4.969412
193 0.630310 0.236128 240.0 1.00 -0.893808 5.924530
194 0.333381 0.375261 240.0 0.00 -0.138912 6.030735
195 1.718685 0.323531 240.0 0.01 -0.105499 5.949703
196 1.089059 0.260665 90.0 1.00 -0.115069 9.929530
197 1.672841 0.354954  0.0 0.01 -0.106213 6.948849
198 1.133430 0.385152 90.0 0.00 -0.111695 6.210891
199 0.906695 0.284414  0.0 1.00 -0.112474 5.958202
200 0.600447 0.327509 90.0 0.01 -0.137874 4.750153
201 3.021284 0.288236  0.0 1.00 -0.120973 5.190079
202 0.592882 0.447343 240.0 0.00 -0.108354 6.272253
203 1.291670 0.358575 90.0 0.01 -0.118637 3.844747
204 1.420879 0.338744  0.0 0.01 -0.126520 5.115270
205 1.414097 0.229016 240.0 1.00 -0.111209 5.848166
206 1.869768 0.319197 90.0 1.00 -0.110917 5.023345
207 0.044562 0.299461 240.0 0.01 -0.117080 9.927853
208 0.066502 0.409502 90.0 0.00 -0.116788 7.850439
209 0.200020 0.509756 90.0 0.00 -0.120292 7.737119
210 0.317095 0.294791 240.0 0.01 -0.106083 9.120717
211 1.738342 0.336052 240.0 0.00 -0.129018 7.702265
212 1.020621 0.311307 90.0 0.01 -0.118183 9.893204
213 1.667120 0.303472  0.0 0.01 -0.114842 8.890500
214 6.726771 0.247048 240.0 1.00 -0.119383 15.256848
215 1.150686 0.270345 90.0 1.00 -0.114680 6.070597
216 0.357222 0.343530  0.0 1.00 -1.700644 5.962987
217 0.469595 0.249630 240.0 1.00 -0.106245 5.597849
218 0.610531 0.385872 240.0 0.00 -0.114582 8.462183
219 0.823171 0.238063  0.0 1.00 -0.830157 7.155874
220 1.246785 0.325270 90.0 0.00 -0.126390 8.824419
221 0.689834 0.306357 240.0 0.01 -0.112409 7.155590
222 0.272404 0.316595  0.0 0.01 -0.119610 11.523953
223 0.271273 0.250706 90.0 1.00 -0.403842 6.737844
224 0.551551 0.347875 90.0 0.01 -0.115750 2.247368
225 0.290803 0.267057 240.0 1.00 -0.110268 14.051779
226 0.437677 0.387208 90.0 0.00 -0.103812 6.704062
227 2.093788 0.231398 90.0 1.00 -0.110657 8.185187
228 0.684390 0.397686  0.0 0.01 -0.101931 5.634015
229 1.057678 0.357871 240.0 0.00 -0.130024 6.031452
230 2.384363 0.308213 240.0 0.01 -0.114842 6.029083
231 1.911561 0.290474 90.0 0.01 -1.252980 13.670651
232 1.618632 0.259674  0.0 1.00 -0.117567 10.660342
233 0.397095 0.360793 90.0 0.00 -0.113090 11.064559
234 0.840462 0.330929 90.0 0.01 -0.108257 5.375210
235 0.364701 0.252187 240.0 1.00 -2.087684 5.736200
236 1.359518 0.431424 240.0 0.00 -0.118378 6.435765
237 4.629601 0.246781 90.0 1.00 -0.128012 5.337305
238 0.630580 0.402970  0.0 0.01 -0.993948 7.456761
239 1.275140 0.286262 240.0 0.01 -0.113836 5.626210
240 0.055269 0.268354  0.0 1.00 -0.144005 7.426835
241 0.098227 0.344531 240.0 0.00 -0.100568 5.912643
242 0.934749 0.239698 90.0 1.00 -0.112312 9.658132
243 3.694687 0.257106 240.0 1.00 -0.128888 7.009983
244 0.398335 0.375260 90.0 0.00 -0.108451 6.338102
245 0.177727 0.267366  0.0 1.00 -2.081618 10.337708
246 0.028914 0.445589  0.0 0.01 -2.197880 6.423437
247 2.865882 0.322800 240.0 0.01 -0.136609 5.286852
248 0.797788 0.316136 90.0 0.01 -0.112895 5.456212
249 0.540477 0.372272 240.0 0.00 -0.114258 5.728868
250 0.375948 0.242379 240.0 0.01 -0.114939 9.162544
251 0.329292 0.258521 240.0 1.00 -0.125969 6.692104
252 0.430720 0.313675 90.0 0.01 -0.120908 5.390183
253 0.318946 0.335889 90.0 0.00 -0.140848 10.893372
254 0.983907 0.248115 90.0 1.00 -0.118313 5.981088
255 0.542003 0.393234  0.0 0.01 -0.113512 8.947693
256 2.153144 0.315487  0.0 1.00 -0.127331 8.009788
257 2.853289 0.237856 90.0 1.00 -0.127915 5.586963
258 0.020442 0.431987 90.0 0.00 -0.109165 6.630857
259 1.255885 0.287103 240.0 0.01 -0.130672 7.631539
260 0.519237 0.304521 240.0 0.00 0.078758 13.553003
261 0.038573 0.285605  0.0 1.00 -0.101250 14.150178
262 1.683201 0.242815 240.0 1.00 -0.108289 9.061343
263 1.644859 0.343049  0.0 0.01 -0.118183 9.322735
264 1.073986 0.299239 90.0 0.01 -0.121168 5.735374
265 0.069460 0.418379 90.0 0.00 -0.114388 8.057583
266 0.939898 0.281592 240.0 0.00 -0.066961 13.108209
267 1.297490 0.344811  0.0 1.00 -0.063911 10.936816
268 1.884223 0.282906 240.0 0.01 -0.058299 8.056733
269 0.923545 0.260283 90.0 1.00 -0.067999 15.047605
270 0.981570 0.383421  0.0 0.01 0.059457 9.166253
271 2.031683 0.260755 240.0 1.00 -0.092848 13.632540
272 0.832316 0.321941 90.0 0.01 -0.132294 11.657090
273 2.391272 0.332245  0.0 0.01 -0.125255 10.531063
274 0.486740 0.448430 240.0 0.00 -0.380748 8.930559
275 4.511763 0.232839 90.0 1.00 -0.115750 7.213616
276 0.556415 0.239060 240.0 1.00 -0.473294 8.159287
277 0.236064 0.386122 90.0 0.00 -0.919116 7.034773
278 1.446610 0.292481 240.0 0.01 -0.120907 8.775883
279 0.802918 0.246731 90.0 0.01 -0.097487 7.938656
280 0.563246 0.258823  0.0 1.00 -0.103034 12.235569
281 2.790322 0.242139 90.0 1.00 -1.576533 7.773014
282 0.700597 0.375266  0.0 0.01 -0.108321 8.272074
283 0.442676 0.258476 240.0 1.00 -0.110430 13.990604
284 1.508391 0.305701 240.0 0.01 -0.070270 6.864342
285 0.177864 0.386816 90.0 0.00 -0.069102 9.248356
286 0.029351 0.326996 240.0 0.00 -0.030109 8.667902
287 0.166795 0.306130 90.0 0.01 -0.047043 10.403598
288 0.681220 0.239307  0.0 1.00 -0.049541 10.330411
289 1.276989 0.279550 240.0 0.01 -0.068226 7.400520
290 0.292203 0.356695 90.0 0.01 -0.047140 7.978017
291 1.439989 0.278868  0.0 0.01 -0.058981 5.514811
292 0.043591 0.244092 240.0 1.00 -0.066377 9.674658
293 0.477616 0.348177 90.0 0.00 -0.061511 6.751387
294 0.510389 0.319350  0.0 1.00 -0.059500 7.123864
295 1.756752 0.399637 240.0 0.00 -0.173654 5.836224
296 2.404100 0.265894 90.0 1.00 -0.068680 7.729645
297 1.365464 0.321058 90.0 0.01 -0.061089 7.697238
298 0.152486 0.317270 240.0 0.01 -0.059889 7.602694
299 0.093139 0.292441 90.0 1.00 -0.313988 5.949961
300 0.357198 0.458562 240.0 0.00 -0.115523 3.973696
301 0.321332 0.488788  0.0 0.01 -1.090589 4.122695
302 1.470171 0.294979 240.0 1.00 -0.124412 5.879584
303 0.551555 0.273164  0.0 1.00 -0.079028 11.951160
304 0.209946 0.373222 90.0 0.00 -0.058332 6.178162
305 0.906728 0.379495  0.0 0.01 -0.077958 6.949228
306 0.011628 0.379696 90.0 0.00 -0.105467 8.124043
307 2.407959 0.262917 240.0 0.01 -0.232856 6.742748
308 1.136498 0.248016 90.0 1.00 -0.119546 8.137634
309 0.670586 0.222352 240.0 1.00 -0.163339 6.741967
310 2.803355 0.306627 90.0 0.01 -0.660506 8.432267
311 0.320635 0.286851 240.0 0.00 -0.114193 7.885944
312 0.585988 0.249098  0.0 1.00 -0.118832 6.488806
313 0.636087 0.329226 90.0 0.01 -0.115977 6.631559
314 0.186351 0.227366 240.0 1.00 -0.112733 6.615875
315 0.152267 0.252604 90.0 1.00 -0.110300 8.851445
316 0.236952 0.406601  0.0 0.01 -0.103553 6.092206
317 1.146229 0.279888  0.0 1.00 -0.110041 6.343508
318 0.793614 0.317997 240.0 0.00 -1.627919 7.642594
319 0.284716 0.406215 90.0 0.00 -0.183251 5.937133
320 2.208533 0.263435 240.0 0.01 -0.114096 5.448209
321 2.209620 0.319794  0.0 1.00 -0.117729 8.450477
322 1.309764 0.290954 240.0 0.00 -0.099855 6.807272
323 0.645048 0.362131 90.0 0.00 -0.509552 7.858500
324 0.027730 0.284320 240.0 1.00 -2.072276 9.068228
325 0.341915 0.275438 240.0 0.01 -0.120681 8.578163
326 1.165201 0.277688 90.0 1.00 -0.109716 5.884900
327 1.232862 0.353866  0.0 0.01 -0.111371 6.142835
328 0.162099 0.311000 90.0 0.01 -0.102125 10.299614
329 0.092502 0.300848  0.0 0.01 -0.095086 7.945180
330 0.447419 0.343276 240.0 0.00 -0.108062 6.520209
331 1.365041 0.277531 90.0 0.01 -0.235351 8.495990
332 2.422881 0.273842 240.0 0.01 -0.124509 8.121916
333 0.176432 0.445955 90.0 0.00 -0.176574 7.683212
334 0.536625 0.245112 240.0 1.00 -0.071373 8.015367
335 0.053286 0.258301 90.0 1.00 -0.133073 5.363467
336 2.796407 0.258542  0.0 1.00 -0.125644 5.134040
337 0.536757 0.228754 90.0 1.00 -0.098881 5.812515
338 1.254887 0.288004 240.0 0.01 -0.280726 11.094483
339 0.189066 0.350095  0.0 0.01 -0.101574 8.745034
340 1.655553 0.304418 90.0 0.01 -0.115555 6.616472
341 0.815247 0.244617 240.0 1.00 -2.254878 9.638259
342 0.932899 0.292769 240.0 0.00 -0.115815 6.776720
343 0.190466 0.330093 90.0 0.00 -0.104007 7.055049
344 0.390274 0.360076  0.0 1.00 -0.114063 7.805874
345 1.572128 0.326280  0.0 0.01 -0.125093 6.042465
346 1.145375 0.274521 240.0 0.01 -0.117502 10.067607
347 2.011327 0.255819 90.0 1.00 -0.116366 5.964813
348 0.398297 0.403955 240.0 0.00 -0.540027 6.382761
349 0.560382 0.271167 240.0 1.00 -0.507519 6.602575
350 1.773328 0.382369 90.0 0.00 -0.128921 6.543598
351 1.912872 0.265669  0.0 1.00 -0.835874 7.771295
352 0.742170 0.322815 90.0 0.01 -0.113058 6.386328
353 0.096398 0.571985 90.0 0.00 -0.765088 6.072908
354 0.593890 0.294135 240.0 0.00 -0.114453 7.506293
355 3.413071 0.260471 240.0 1.00 -0.109424 6.555568
356 2.921313 0.294846 90.0 0.01 -0.132294 6.214981
357 0.216834 0.308016 240.0 0.01 -0.113350 5.934304
358 0.795457 0.347118  0.0 0.01 -0.103326 5.273187
359 0.960644 0.269393 90.0 1.00 -0.125579 5.863786
360 0.236173 0.268598  0.0 1.00 -0.098298 6.492990
361 1.009814 0.327707 90.0 0.01 -0.143778 5.219603
362 0.630454 0.229070  0.0 1.00 -0.363325 5.885943
363 0.340160 0.280112 90.0 1.00 -0.128661 14.152553
364 0.137566 0.437200 240.0 0.00 -0.111306 7.062828
365 1.112641 0.247468 240.0 1.00 -0.111176 7.070812
366 0.430601 0.254584 240.0 0.01 -0.117729 6.738022
367 0.025486 0.359770  0.0 0.01 -0.142221 7.145665
368 2.577451 0.347001 90.0 0.00 -0.147898 6.482220
369 0.532698 0.310173 240.0 0.01 -0.261461 5.490613
370 0.882164 0.248447 90.0 1.00 -0.978960 5.917798
371 1.173973 0.440586 90.0 0.00 -0.112895 4.324860
372 1.332435 0.343885  0.0 0.01 -0.115069 6.206757
373 0.276062 0.304968  0.0 1.00 -0.092426 7.808818
374 0.004795 0.399107 90.0 0.01 -0.044642 5.334369
375 1.678941 0.305358 240.0 0.00 -0.062322 3.280565
376 0.246994 0.275463 240.0 1.00 -0.400534 6.038250
377 1.630672 0.298867 240.0 0.00 -0.043053 5.491554
378 0.007670 0.353843  0.0 0.01 -0.107543 6.821942
379 0.220321 0.278093 90.0 0.01 -0.690800 2.887418
380 0.857487 0.371183 90.0 0.00 -0.081267 4.700777
381 0.316268 0.275367 90.0 1.00 -1.079497 6.638287
382 0.696445 0.275514 240.0 1.00 -0.117924 1.861363
383 0.211968 0.296717  0.0 1.00 -0.099595 5.826220
384 1.031396 0.295880 240.0 0.01 -0.578271 4.398976
385 2.613967 0.265255 240.0 0.01 -0.117469 5.365978
386 0.525954 0.276378 240.0 1.00 -0.111436 9.259025
387 0.094104 0.406532 90.0 0.00 -0.061706 5.637499
388 1.641104 0.288758 240.0 0.00 -0.060440 5.285367
389 0.838479 0.253984 90.0 1.00 -0.376726 5.738309
390 0.288803 0.416103  0.0 0.01 -0.115328 7.154536
391 3.239474 0.274464 90.0 0.01 -0.262148 6.100754
392 0.055169 0.301495  0.0 1.00 -0.170963 6.513622
393 0.269615 0.314772  0.0 1.00 -0.500187 7.426643
394 0.581927 0.423900 90.0 0.00 -0.102482 4.826719
395 1.693673 0.319173  0.0 0.01 -0.116723 3.404133
396 0.697258 0.249281 240.0 1.00 -0.412702 7.732681
397 0.658078 0.350531 240.0 0.00 -0.118767 5.712627
398 0.005774 0.290751 90.0 0.01 -0.111890 7.020187
399 0.156827 0.272787 240.0 0.01 -0.119254 6.119527
400 0.038321 0.273924 90.0 1.00 -1.440156 5.914263
401 0.387221 0.273081 240.0 0.00 -0.111728 5.700744
402 0.907575 0.234263 90.0 1.00 -0.121870 7.399068
403 0.067231 0.313361 240.0 0.01 -0.108678 4.153165
404 0.735044 0.236572  0.0 1.00 -0.106927 6.058295
405 1.461917 0.340826  0.0 0.01 -0.114680 5.533207
406 0.925608 0.365983 90.0 0.00 -0.123114 4.537961
407 0.349448 0.266124 240.0 1.00 -0.127688 4.527666
408 0.582395 0.285286 90.0 0.01 -0.115328 3.499575
409 0.278880 0.298436 240.0 0.00 -0.139366 5.317776
410 0.004529 0.295630 240.0 0.01 -0.100471 11.321863
411 0.038292 0.367707 90.0 1.00 -0.114031 6.137253
412 0.625363 0.375844  0.0 0.01 -0.264841 4.704447
413 0.036799 0.419007 90.0 0.00 -0.131819 3.840115
414 2.157395 0.248270 240.0 1.00 -0.111663 4.499641
415 2.967178 0.270632  0.0 1.00 -0.138069 7.193094
416 1.189580 0.310797 90.0 0.01 -0.112279 8.688399