1 2.474002 0.708955  0.0 0.01 -0.123633 10.422647
2 1.808509 0.311917 90.0 1.00 -0.121719 10.171729
3 1.126333 0.220128 240.0 1.00 -0.126682 10.311857
4 1.198233 0.411400 90.0 0.00 -0.123276 10.178318
5 4.449792 0.324723  0.0 1.00 -0.131646 10.307037
6 0.616362 0.281996 240.0 0.01 -0.134954 10.235377
7 2.349963 0.226273 240.0 0.00 -0.141053 10.419240
8 1.920628 0.255636 90.0 0.01 -0.129148 10.197179
9 0.460226 0.642675  0.0 0.01 0.063771 9.687098
10 0.151613 0.267824  0.0 1.00 0.228533 8.810279
11 0.026116 0.237056 240.0 0.00 0.162161 8.571094
12 0.560649 0.222153 240.0 0.01 -1.565339 10.133266
13 0.003155 0.228376 90.0 1.00 0.544853 9.964932
14 0.591418 0.235420 90.0 0.01 -0.056742 7.424866
15 0.662699 0.294615 90.0 0.00 0.406595 6.104361
16 1.106598 0.228742 240.0 1.00 0.108084 8.827006
17 0.843966 2.006262 90.0 0.00 -0.120681 5.155853
18 0.709670 0.576161 240.0 0.00 0.248029 6.012211
19 2.644553 0.263408 240.0 1.00 -0.107283 6.110557
20 0.119077 0.757551  0.0 0.01 -1.047856 6.161010
21 2.739021 0.276889  0.0 1.00 -0.095054 7.770346
22 0.829689 0.240060 90.0 1.00 0.539338 10.176709
23 0.190399 0.258272 240.0 0.01 1.113100 9.386915
24 0.930048 0.267385 90.0 0.01 0.453956 8.616736
25 0.488616 0.259614 240.0 1.00 0.415645 7.674012
26 0.200110 0.308752 240.0 0.00 0.857637 8.105015
27 0.120773 0.309949  0.0 1.00 1.358185 6.366831
28 0.071376 0.221076 90.0 1.00 1.330221 6.243334
29 1.656610 0.254221 240.0 0.01 1.034953 7.624670
30 1.352541 0.240533 90.0 0.01 0.718470 7.656493
31 0.107735 0.300636 90.0 0.00 1.025481 6.550411
32 0.521951 0.381804  0.0 0.01 1.012797 6.773822
33 0.685496 0.332029 90.0 0.00 1.008126 6.235873
34 0.489701 0.254093 240.0 1.00 0.988662 6.543177
35 0.199156 0.236264 90.0 1.00 0.523021 7.183643
36 0.631320 0.276352 240.0 0.00 0.737383 5.656177
37 1.599116 0.246698 240.0 0.01 0.550757 5.857824
38 0.789893 0.263869  0.0 0.01 0.612035 5.893372
39 0.848840 0.256077  0.0 1.00 0.495382 6.650489
40 0.034537 0.364206 90.0 0.01 0.764859 4.154284
41 0.477947 0.249382 240.0 0.00 0.545956 5.944218
42 0.363283 0.276478  0.0 0.01 0.462845 5.595769
43 0.328275 0.235654 90.0 1.00 0.531423 7.550381
44 1.058733 0.285831 240.0 0.01 0.421257 7.495307
45 0.659731 0.456008 90.0 0.00 0.085668 7.130325
46 0.585738 0.222176 240.0 1.00 0.092417 6.443683
47 1.854730 0.246450 90.0 0.01 -0.118378 4.504382
48 0.576154 0.268561  0.0 1.00 -0.023913 10.139786
49 0.364127 0.247765 240.0 0.01 -0.046556 5.165185
50 0.852247 0.418953 90.0 0.00 -2.274955 5.454396
51 0.178803 0.279052  0.0 0.01 -0.120778 7.408811
52 0.312812 0.218224 90.0 1.00 -0.101087 9.320545
53 1.021565 0.228495 240.0 0.00 -0.044610 6.134637
54 0.789190 0.238609  0.0 1.00 -0.106829 6.013205
55 0.950908 0.225765 240.0 1.00 -0.120032 6.403263
56 0.254177 0.248951 90.0 0.01 0.172152 5.870736
57 0.308877 0.264037 90.0 0.00 -0.080748 5.641482
58 0.843324 0.930317  0.0 0.01 -0.216172 3.252240
59 0.365640 0.269385 90.0 0.01 -0.119967 5.884450
60 0.056344 0.221643 90.0 1.00 -0.467427 6.642379
61 0.243050 0.391739 240.0 0.00 -0.060408 7.352799
62 0.348747 0.236823 240.0 0.01 0.100882 5.768462
63 2.213346 0.236156 240.0 1.00 -0.123341 5.448180
64 0.941786 0.233296  0.0 1.00 -0.130413 6.000989
65 0.526100 0.226478 240.0 0.00 -0.116302 5.273512
66 0.777877 0.252730 240.0 0.01 -0.248744 2.998982
67 2.988956 0.314005 90.0 0.00 -0.127428 6.110670
68 1.475398 0.232297 240.0 1.00 -0.132197 5.146971
69 0.181295 0.314397  0.0 0.01 -0.128434 5.605825
70 4.157624 0.234793  0.0 1.00 -0.256212 9.803979
71 0.146517 0.228978 90.0 1.00 -0.116658 5.911133
72 2.550162 0.326276 90.0 0.01 -0.118410 3.257145
73 0.401908 0.228393  0.0 1.00 -0.113577 5.707485
74 0.692725 0.227539 240.0 0.00 -0.117664 5.149567
75 1.523289 0.228848 240.0 0.01 -0.117145 5.755518
76 0.559288 0.240091 240.0 1.00 -0.322611 5.344020
77 2.102185 0.348255 90.0 0.00 -0.119805 3.812968
78 0.398738 0.249396 90.0 0.01 -0.790395 6.359029
79 0.511517 0.288607  0.0 0.01 -0.719999 4.623151
80 2.882829 0.239894 90.0 1.00 -0.126131 5.821709
81 2.876297 0.300200 90.0 0.00 -1.718456 3.958543
82 1.880587 0.291463 240.0 0.00 -0.120940 5.862958
83 3.931151 0.236785 90.0 1.00 -0.122108 12.356821
84 0.832006 0.254049 240.0 0.01 -0.122822 4.687078
85 0.183657 0.362197  0.0 0.01 -0.122984 5.356394
86 0.482254 0.232363 90.0 0.01 -0.116756 2.944473
87 0.653678 0.245530 240.0 1.00 -2.172701 5.402265
88 0.146335 0.246675  0.0 1.00 -1.271946 2.870290
89 2.325875 0.273984 240.0 0.00 -0.119318 4.407854
90 0.096453 0.222045 240.0 1.00 -0.099238 5.824177
91 2.225469 0.221373 240.0 0.01 -0.128856 5.001955
92 0.659719 0.334533 90.0 0.01 -0.126909 5.320259
93 1.943820 0.221834 90.0 1.00 -0.114388 5.287248
94 0.580943 0.295017  0.0 0.01 -0.122757 9.994255
95 5.386138 0.236446  0.0 1.00 -1.875788 5.276022
96 0.265683 0.319585 90.0 0.00 -2.450325 5.194432
97 0.164039 0.258831 240.0 0.01 -0.130575 5.242899
98 0.086843 0.269940 90.0 0.01 -0.124282 4.798774
99 0.013117 0.257996  0.0 1.00 -2.537584 2.966187
100 0.682933 0.339240 90.0 1.00 -0.131419 10.771537
101 1.304082 0.278410 90.0 0.00 -0.329071 6.304041
102 2.295108 0.221725  0.0 0.01 -2.430050 7.485471
103 0.677571 0.221902 240.0 0.00 -0.114161 7.541913
104 0.535103 0.211030 240.0 1.00 -0.115718 5.405772
105 0.270645 0.312220  0.0 1.00 -0.123730 5.138238
106 2.489365 0.236470 240.0 0.01 -0.133527 5.256751
107 0.413100 0.272633 90.0 0.00 -1.415696 2.614304
108 0.659753 0.270946 240.0 0.00 -0.114550 4.717413
109 1.765811 0.243035 240.0 1.00 -0.123114 4.172010
110 0.063411 0.226211 90.0 1.00 -0.124444 3.466776
111 0.526814 0.226359 90.0 0.01 -0.112214 4.302650
112 0.819539 0.302547  0.0 0.01 -0.112376 5.227751
113 0.059836 0.281703 240.0 0.00 -0.154159 4.957397
114 0.421726 0.221879 90.0 1.00 -0.740567 6.744627
115 0.794193 0.228950 240.0 0.01 -0.119383 5.563306
116 0.174714 0.221148  0.0 1.00 -0.047367 6.487575
117 0.629940 0.294388  0.0 0.01 0.006969 2.767585
118 0.590794 0.222521 240.0 1.00 -0.468271 3.961365
119 0.385566 0.285592 90.0 0.00 -0.110527 8.076504
120 1.001876 0.221801 90.0 0.01 -0.074065 10.208239
121 1.430077 0.227054 240.0 0.01 -0.003022 12.977272
122 0.546585 0.233203 90.0 0.00 -0.077601 6.505464
123 0.142847 0.326316 90.0 1.00 -0.082694 3.031629
124 0.899491 0.247537 240.0 1.00 -0.097714 6.630790
125 2.183779 0.286808 240.0 0.00 -0.095800 10.203976
126 0.812278 0.219071 90.0 0.01 -0.103585 10.170057
127 1.203358 0.278198  0.0 0.01 -0.075590 10.210770
128 0.912830 0.218442  0.0 1.00 -0.118151 7.332697
129 0.182285 0.218520 240.0 1.00 -0.198854 8.446284
130 0.907260 0.348751 90.0 0.00 -0.108159 4.891724
131 0.941158 0.211882 90.0 1.00 -0.122822 7.097756
132 1.020405 0.331175 240.0 0.00 -0.115977 4.140895
133 1.964291 0.271318 240.0 0.01 -0.297312 8.223883
134 1.346573 0.341542  0.0 0.01 -0.139983 4.884390
135 2.443975 0.292853  0.0 1.00 -0.121687 2.056323
136 0.845373 0.314112 90.0 0.01 -0.116723 5.453106
137 1.357579 0.272334 90.0 0.00 -0.321514 4.108355
138 1.212155 0.248537 240.0 0.00 -0.126293 6.190051
139 0.855999 0.442709  0.0 0.01 -0.120486 6.104592
140 2.126892 0.274958 90.0 0.01 -2.613787 3.740805
141 0.703062 0.228084 240.0 1.00 -0.119059 4.403334
142 0.347563 0.228222 240.0 0.01 -0.118216 6.327625
143 1.412337 0.221512 90.0 1.00 -0.111403 15.147363
144 0.241982 0.266680  0.0 1.00 -0.119708 10.393490
145 2.602480 0.231913 90.0 1.00 -0.122627 3.995591
146 0.931700 0.256166 240.0 0.00 -0.173039 8.264592
147 5.685710 0.286668 90.0 0.00 -1.018440 5.469648
148 1.511056 0.245912 240.0 1.00 -1.260668 10.261054
149 6.644954 0.278433 240.0 0.01 -0.129537 4.450655
150 1.665058 0.247744  0.0 0.01 -0.126325 5.495704
151 1.948525 0.244009  0.0 1.00 -2.361017 3.291657
152 1.316485 0.277239 90.0 0.01 -0.273795 3.279237
153 1.743586 0.315534 240.0 0.01 -0.145465 3.769765
154 1.975810 0.231721 240.0 0.00 -0.119448 5.113002
155 0.512685 0.245996 240.0 1.00 -0.124055 7.283462
156 0.104186 0.247052  0.0 1.00 -0.440856 10.043503
157 0.062535 0.229092 90.0 1.00 -0.106602 5.484761
158 1.508758 0.249441  0.0 0.01 -0.017880 2.433347
159 0.728419 0.290917 90.0 0.00 -0.192014 3.148129
160 0.978137 0.285848 90.0 0.01 -0.142253 5.464631
161 0.646683 0.344995 240.0 0.00 -0.115977 4.768886
162 1.328506 0.267958 90.0 0.00 -0.102807 4.360494
163 2.683008 0.249501 240.0 0.01 -0.128239 8.911560
164 0.829363 0.236783 90.0 0.01 -0.108354 5.660064
165 1.749545 0.238967 90.0 1.00 -0.121135 6.854991
166 3.645548 0.336359  0.0 0.01 -0.147184 5.351676
167 0.046381 0.218560  0.0 1.00 -0.126715 3.627453
168 0.842584 0.211687 240.0 1.00 -0.118508 5.554192
169 0.039200 0.356799  0.0 0.01 -0.044837 2.241565
170 0.271265 0.286965 240.0 1.00 -0.123438 2.252392
171 4.913237 0.228407 90.0 1.00 -0.128953 12.180612
172 0.385606 0.379619 240.0 0.01 -1.083420 4.968151
173 0.348210 0.278766 240.0 0.00 -0.115685 4.598526
174 0.438305 0.242868 90.0 0.00 -0.106245 3.082205
175 0.593646 0.230126 90.0 0.01 -0.135863 1.708019
176 1.522762 0.211265  0.0 1.00 -0.121103 2.807033
177 0.258296 0.271429 240.0 0.00 -0.130348 3.270249
178 1.478285 0.222465 240.0 1.00 -0.121524 1.486225
179 0.991918 0.329828  0.0 0.01 -0.134890 1.923026
180 0.115491 0.225995  0.0 1.00 -2.528991 6.089147
181 0.155045 0.292175 90.0 0.01 -0.114453 1.892085
182 0.910225 0.226316 240.0 0.01 -0.128531 1.755739
183 1.145644 0.292541 90.0 0.00 -0.117761 2.201602
184 0.496536 0.232672 90.0 1.00 -0.105013 4.362829
185 0.094096 0.268831 240.0 1.00 -2.098097 2.022625
186 0.095302 0.622938 240.0 0.00 -0.124120 5.284119
187 0.524934 0.268104  0.0 0.01 -0.109814 8.125032
188 1.100901 0.246304  0.0 1.00 -0.127104 3.422943
189 0.158921 0.304461 90.0 0.01 -0.113479 3.705366
190 0.815546 0.228614 90.0 1.00 -0.121751 8.062936
191 0.100533 0.264731 240.0 0.01 -0.876393 1.992682
192 3.405826 0.356088 90.0 0.00 -0.900397 3.486305
193 0.630310 0.227344 240.0 1.00 -0.122595 6.235581
194 0.333381 0.406453 240.0 0.00 -0.127364 2.246620
195 1.718685 0.211622 240.0 0.01 -0.128791 3.482139
196 1.089059 0.236855 90.0 1.00 -2.787501 5.352646
197 1.672841 0.498128  0.0 0.01 -0.124249 7.149775
198 1.133430 0.399292 90.0 0.00 -0.127883 3.174886
199 0.906695 0.218529  0.0 1.00 -0.896342 5.715115
200 0.600447 0.288682 90.0 0.01 -0.121330 3.771729
201 3.021284 0.580136  0.0 1.00 -0.127785 9.005327
202 0.592882 0.409207 240.0 0.00 -0.107900 5.688482
203 1.291670 0.390354 90.0 0.01 -0.123438 6.880976
204 1.420879 0.283564  0.0 0.01 -0.122368 4.591123
205 1.414097 0.261852 240.0 1.00 -0.126845 3.027833
206 1.869768 0.275023 90.0 1.00 -0.122593 7.347042
207 0.044562 0.353192 240.0 0.01 -0.125093 3.558583
208 0.066502 0.662315 90.0 0.00 -0.116529 5.277843
209 0.200020 0.372510 90.0 0.00 -2.663583 4.756222
210 0.317095 0.226585 240.0 0.01 -2.754576 2.712012
211 1.738342 0.282866 240.0 0.00 -0.116853 3.859116
212 1.020621 0.245075 90.0 0.01 -0.599358 1.891403
213 1.667120 0.257300  0.0 0.01 -0.124509 2.717534
214 6.726771 0.221810 240.0 1.00 -1.492963 7.934595
215 1.150686 0.257168 90.0 1.00 -0.160741 6.071078
216 0.357222 0.277192  0.0 1.00 -0.251834 2.437495
217 0.469595 0.236383 240.0 1.00 -0.798633 3.784699
218 0.610531 0.379492 240.0 0.00 -0.119935 4.549560
219 0.823171 0.218759  0.0 1.00 -0.105272 10.078507
220 1.246785 0.306962 90.0 0.00 -0.114972 10.258263
221 0.689834 0.298177 240.0 0.01 -0.422072 3.714152
222 0.272404 0.408246  0.0 0.01 -0.104364 2.802871
223 0.271273 0.278314 90.0 1.00 -0.124314 6.247277
224 0.551551 0.359586 90.0 0.01 -0.155229 3.010176
225 0.290803 0.211743 240.0 1.00 -0.267144 9.511754
226 0.437677 0.291855 90.0 0.00 -3.003159 2.321235
227 2.093788 0.220105 90.0 1.00 -0.992525 8.559843
228 0.684390 0.280293  0.0 0.01 -0.120162 5.993355
229 1.057678 0.320495 240.0 0.00 -1.701063 5.238550
230 2.384363 0.265809 240.0 0.01 0.040480 5.289084
231 1.911561 0.242971 90.0 0.01 -0.123633 5.312666
232 1.618632 0.233304  0.0 1.00 -2.637955 5.553462
233 0.397095 0.412438 90.0 0.00 -0.118670 1.623153
234 0.840462 0.312642 90.0 0.01 -0.118086 3.185453
235 0.364701 0.257671 240.0 1.00 -0.129602 3.963773
236 1.359518 0.221974 240.0 0.00 -1.741715 2.303038
237 4.629601 0.295373 90.0 1.00 -0.126942 3.335740
238 0.630580 0.285637  0.0 0.01 -0.290790 2.529050
239 1.275140 0.228844 240.0 0.01 -0.123309 3.784730
240 0.055269 0.424962  0.0 1.00 -0.118994 4.238610
241 0.098227 0.386135 240.0 0.00 -0.117632 3.408709
242 0.934749 0.251243 90.0 1.00 -0.121297 3.464083
243 3.694687 0.236645 240.0 1.00 -0.736770 2.940428
244 0.398335 0.420695 90.0 0.00 -0.114258 3.961240
245 0.177727 0.297884  0.0 1.00 -2.639480 2.181160
246 0.028914 0.437112  0.0 0.01 -0.109749 1.482366
247 2.865882 0.269337 240.0 0.01 -0.125742 1.705206
248 0.797788 0.308392 90.0 0.01 -0.164507 2.439125
249 0.540477 0.279709 240.0 0.00 -2.300192 2.067459
250 0.375948 0.279862 240.0 0.01 -0.122595 1.778934
251 0.329292 0.240988 240.0 1.00 -0.141051 2.191151
252 0.430720 0.261116 90.0 0.01 -0.125709 5.483661
253 0.318946 0.360327 90.0 0.00 -0.128726 2.452427
254 0.983907 0.250436 90.0 1.00 -0.127169 5.266611
255 0.542003 0.291653  0.0 0.01 -0.172097 2.117351
256 2.153144 0.225950  0.0 1.00 -0.122173 4.732077
257 2.853289 0.602204 90.0 1.00 -0.127136 2.921385
258 0.020442 0.353407 90.0 0.00 -0.124217 3.725137
259 1.255885 0.252596 240.0 0.01 -0.109781 5.272426
260 0.519237 0.284746 240.0 0.00 -0.099173 4.052790
261 0.038573 0.256871  0.0 1.00 -0.103812 4.032281
262 1.683201 0.264076 240.0 1.00 -0.124833 3.639217
263 1.644859 0.285345  0.0 0.01 -0.120811 7.929742
264 1.073986 0.239505 90.0 0.01 -0.117048 7.130089
265 0.069460 0.329771 90.0 0.00 -0.261923 2.703778
266 0.939898 0.248823 240.0 0.00 -0.087949 3.716052
267 1.297490 0.320120  0.0 1.00 -0.123730 6.670962
268 1.884223 0.310395 240.0 0.01 -0.174758 5.326745
269 0.923545 0.246593 90.0 1.00 -0.117697 3.383473
270 0.981570 0.319874  0.0 0.01 -1.418684 2.284093
271 2.031683 0.286067 240.0 1.00 -0.631990 3.722282
272 0.832316 0.253195 90.0 0.01 -0.134500 2.102428
273 2.391272 0.343478  0.0 0.01 -0.116139 1.683431
274 0.486740 0.348755 240.0 0.00 -0.139788 2.420148
275 4.511763 0.304895 90.0 1.00 -0.122854 10.217322
276 0.556415 0.240324 240.0 1.00 -0.124282 2.041956
277 0.236064 0.352394 90.0 0.00 -0.132197 2.441882
278 1.446610 0.297676 240.0 0.01 -0.134046 5.750311
279 0.802918 0.256857 90.0 0.01 -2.540831 10.047977
280 0.563246 0.236022  0.0 1.00 -1.793977 1.440325
281 2.790322 0.232431 90.0 1.00 -0.128304 4.731851
282 0.700597 0.392639  0.0 0.01 -0.114096 3.054189
283 0.442676 0.267689 240.0 1.00 0.161577 1.212465
284 1.508391 0.308989 240.0 0.01 -0.114063 1.895128
285 0.177864 0.385042 90.0 0.00 -2.753245 3.339562
286 0.029351 0.347141 240.0 0.00 -0.144232 4.265953
287 0.166795 0.374387 90.0 0.01 -0.099206 3.152601
288 0.681220 0.267568  0.0 1.00 -0.961352 1.265862
289 1.276989 0.394741 240.0 0.01 -0.111890 2.698646
290 0.292203 0.297902 90.0 0.01 -0.122660 1.524409
291 1.439989 0.437108  0.0 0.01 -0.134371 3.429957
292 0.043591 0.241226 240.0 1.00 -0.618658 2.662020
293 0.477616 0.311442 90.0 0.00 -2.551341 4.584791
294 0.510389 0.265591  0.0 1.00 -0.130024 1.940551
295 1.756752 0.293804 240.0 0.00 -0.128175 6.907381
296 2.404100 0.280109 90.0 1.00 -0.132846 1.322632
297 1.365464 0.274357 90.0 0.01 -0.125385 2.496903
298 0.152486 0.312494 240.0 0.01 -0.555274 5.347392
299 0.093139 0.248656 90.0 1.00 -0.126520 1.718592
300 0.357198 0.282800 240.0 0.00 -0.153607 1.325879
301 0.321332 0.450032  0.0 0.01 -0.116172 2.607426
302 1.470171 0.239048 240.0 1.00 -0.128564 0.882978
303 0.551555 2.000326  0.0 1.00 -0.130802 2.461990
304 0.209946 0.511742 90.0 0.00 -0.129861 0.158333
305 0.906728 0.540987  0.0 0.01 -0.147152 1.061656
306 0.011628 0.402165 90.0 0.00 -0.116107 1.945478
307 2.407959 0.277354 240.0 0.01 -0.140015 2.365129
308 1.136498 0.259635 90.0 1.00 -0.122368 5.174284
309 0.670586 0.262797 240.0 1.00 -0.125158 1.305082
310 2.803355 0.309075 90.0 0.01 -0.819430 2.296485
311 0.320635 0.324312 240.0 0.00 -0.129018 2.334104
312 0.585988 0.261424  0.0 1.00 -0.118442 1.915764
313 0.636087 0.304747 90.0 0.01 -0.122854 4.011688
314 0.186351 0.237715 240.0 1.00 -0.124768 1.157675
315 0.152267 0.615881 90.0 1.00 -0.112603 1.221127
316 0.236952 0.290741  0.0 0.01 -0.109132 2.842185
317 1.146229 0.271272  0.0 1.00 -1.769875 1.503355
318 0.793614 0.271325 240.0 0.00 -0.108321 1.405030
319 0.284716 0.377769 90.0 0.00 -0.377894 1.390853
320 2.208533 0.250871 240.0 0.01 -0.221916 2.891339
321 2.209620 0.268155  0.0 1.00 -2.453243 8.888819
322 1.309764 0.313318 240.0 0.00 -0.126455 7.961154
323 0.645048 0.297496 90.0 0.00 -0.136966 4.164346
324 0.027730 0.266710 240.0 1.00 -0.695900 4.551989
325 0.341915 0.256802 240.0 0.01 -0.562571 4.991057
326 1.165201 0.245944 90.0 1.00 -0.120227 2.014869
327 1.232862 0.254233  0.0 0.01 -0.123892 4.027031
328 0.162099 0.354253 90.0 0.01 -0.124671 9.854141
329 0.092502 0.380422  0.0 0.01 -0.133138 3.300937
330 0.447419 0.237581 240.0 0.00 -0.124995 1.555843
331 1.365041 0.244865 90.0 0.01 -0.120713 2.413887
332 2.422881 0.316096 240.0 0.01 -2.329781 3.593750
333 0.176432 0.592161 90.0 0.00 -0.116107 6.419840
334 0.536625 0.228463 240.0 1.00 -0.285827 6.003495
335 0.053286 0.308645 90.0 1.00 -0.119221 6.087168
336 2.796407 0.308888  0.0 1.00 -1.757417 5.596871
337 0.536757 0.278900 90.0 1.00 -0.248525 3.324625
338 1.254887 0.260316 240.0 0.01 -0.126228 3.531658
339 0.189066 0.318463  0.0 0.01 -0.107738 3.280181
340 1.655553 0.296665 90.0 0.01 -0.123017 5.139994
341 0.815247 0.245892 240.0 1.00 -0.132457 2.828930
342 0.932899 0.261062 240.0 0.00 0.037495 1.693487
343 0.190466 0.310250 90.0 0.00 -0.103488 4.145316
344 0.390274 0.273398  0.0 1.00 -0.101736 1.220705
345 1.572128 0.351548  0.0 0.01 -0.239409 5.312422
346 1.145375 0.247845 240.0 0.01 -0.108905 3.852369
347 2.011327 0.284059 90.0 1.00 -1.031941 4.988162
348 0.398297 0.411249 240.0 0.00 -0.105791 6.921853
349 0.560382 0.330423 240.0 1.00 -0.117956 4.340541
350 1.773328 0.283617 90.0 0.00 -0.131613 3.703242
351 1.912872 0.270907  0.0 1.00 -0.129634 4.872253
352 0.742170 0.267072 90.0 0.01 -0.087949 5.103856
353 0.096398 0.450218 90.0 0.00 -0.089961 5.797706
354 0.593890 0.321395 240.0 0.00 -0.127072 5.862002
355 3.413071 0.257762 240.0 1.00 -0.135701 5.852076
356 2.921313 0.275108 90.0 0.01 -0.131419 6.625347
357 0.216834 0.247248 240.0 0.01 -0.110138 6.677218
358 0.795457 0.260462  0.0 0.01 -0.467589 3.605220
359 0.960644 0.248660 90.0 1.00 -0.126585 6.060632
360 0.236173 0.212750  0.0 1.00 -0.127461 1.976462
361 1.009814 0.306971 90.0 0.01 -1.888733 3.221914
362 0.630454 0.286140  0.0 1.00 -0.127201 1.585980
363 0.340160 0.207287 90.0 1.00 -1.898396 3.528476
364 0.137566 0.394427 240.0 0.00 -0.181473 9.868191
365 1.112641 0.233710 240.0 1.00 -0.106148 4.743917
366 0.430601 0.242725 240.0 0.01 -0.664790 4.248895
367 0.025486 0.325949  0.0 0.01 -0.319047 5.279039
368 2.577451 0.458164 90.0 0.00 -0.529322 4.831867
369 0.532698 0.246321 240.0 0.01 -0.131062 2.596431
370 0.882164 0.238537 90.0 1.00 -1.044746 3.077125
371 1.173973 0.264750 90.0 0.00 -0.150623 3.064372
372 1.332435 0.350028  0.0 0.01 -0.131289 1.495375
373 0.276062 0.244122  0.0 1.00 -0.051065 11.170719
374 0.004795 0.429265 90.0 0.01 -0.117567 6.181421
375 1.678941 0.289537 240.0 0.00 -1.643387 4.801170
376 0.246994 0.240664 240.0 1.00 -0.117729 4.825476
377 1.630672 0.246779 240.0 0.00 -0.132619 5.640211
378 0.007670 0.257804  0.0 0.01 -0.142708 1.978636
379 0.220321 0.304138 90.0 0.01 -0.296762 1.241727
380 0.857487 0.302253 90.0 0.00 -0.131062 1.981393
381 0.316268 0.238307 90.0 1.00 -0.127364 1.449863
382 0.696445 0.238577 240.0 1.00 -2.249201 1.646286
383 0.211968 0.305788  0.0 1.00 -0.178294 6.413450
384 1.031396 0.240072 240.0 0.01 -0.057164 5.764974
385 2.613967 0.258262 240.0 0.01 -0.059467 5.408375
386 0.525954 0.221467 240.0 1.00 -0.060635 5.822328
387 0.094104 0.345557 90.0 0.00 -0.104753 1.998844
388 1.641104 0.294882 240.0 0.00 -0.120713 3.681013
389 0.838479 0.240118 90.0 1.00 -0.120973 2.766113
390 0.288803 0.300784  0.0 0.01 -0.126617 4.652459
391 3.239474 0.308453 90.0 0.01 -0.140696 2.227582
392 0.055169 0.231640  0.0 1.00 -0.104688 4.221005
393 0.269615 0.836843  0.0 1.00 -0.214593 11.232708
394 0.581927 0.376802 90.0 0.00 -0.125904 6.794945
395 1.693673 0.353110  0.0 0.01 -0.119027 5.278782
396 0.697258 0.231375 240.0 1.00 -0.126098 5.373438
397 0.658078 0.249483 240.0 0.00 -0.123633 3.805815
398 0.005774 0.317607 90.0 0.01 -0.209955 2.935496
399 0.156827 0.236817 240.0 0.01 -0.178651 1.917161
400 0.038321 0.273942 90.0 1.00 -0.118508 3.435212
401 0.387221 0.236968 240.0 0.00 -0.117891 2.466083
402 0.907575 0.282254 90.0 1.00 -0.522315 5.978786
403 0.067231 0.349390 240.0 0.01 -0.650257 5.125110
404 0.735044 0.305590  0.0 1.00 -1.332913 2.864127
405 1.461917 0.249906  0.0 0.01 -0.126034 2.593476
406 0.925608 0.252960 90.0 0.00 -0.127493 5.573557
407 0.349448 0.590189 240.0 1.00 -0.126909 5.099991
408 0.582395 0.286309 90.0 0.01 -0.249951 5.208716
409 0.278880 0.247284 240.0 0.00 -0.155067 3.502499
410 0.004529 0.247586 240.0 0.01 -0.117502 3.746863
411 0.038292 0.256765 90.0 1.00 -0.259100 0.836032
412 0.625363 0.247942  0.0 0.01 -0.518034 2.837234
413 0.036799 0.313016 90.0 0.00 -0.140307 6.099949
414 2.157395 0.255288 240.0 1.00 -0.125060 3.449644
415 2.967178 0.285534  0.0 1.00 -0.109911 3.990699
416 1.189580 0.248877 90.0 0.01 -0.120746 1.554902
